LOG(1439): Time: 2014-02-21 16:48:56 +0100
LOG(1497): activated: []
LOG(3545): activated: [7]
LOG(3554): message: 0	222	143	3	0	0	0	35	255	255	0	0	200	0	100	0	0	1
LOG(3724): activated: []
LOG(3726): message: 0	35	255	5	35	255	127	0	0	0	0	0	200	0	105	98	0	1
LOG(3925): activated: [5]
LOG(3926): message: 0	35	255	8	35	255	127	218	255	255	0	0	200	0	105	0	0	1
LOG(4049): message: 0	35	255	10	35	255	127	218	255	255	0	0	200	0	105	0	0	1
LOG(4123): activated: [5, 6]
LOG(4124): message: 0	35	255	10	35	255	127	109	255	255	0	0	200	0	105	0	0	1
LOG(4158): message: 0	35	255	13	35	255	127	109	255	255	0	0	200	0	105	0	0	1
LOG(4224): activated: [4, 5, 6]
LOG(4226): message: 0	35	255	13	35	255	127	142	255	255	0	0	200	0	105	0	0	1
LOG(4286): message: 0	35	255	15	35	255	127	142	255	255	0	0	200	0	105	0	0	1
LOG(4394): message: 0	35	255	18	35	255	127	142	255	255	0	0	200	0	105	0	0	1
LOG(4475): activated: [4]
LOG(4477): message: 0	35	255	18	35	255	127	208	255	255	0	0	200	0	105	0	0	1
LOG(4507): activated: []
LOG(4508): message: 0	208	255	18	208	255	127	0	0	0	0	0	200	0	105	93	0	1
LOG(4617): activated: [7]
LOG(4619): message: 0	208	255	20	208	255	127	35	255	255	0	0	200	0	105	0	0	1
LOG(4736): message: 0	208	255	23	208	255	127	35	255	255	0	0	200	0	105	0	0	1
LOG(4861): message: 0	208	255	26	208	255	127	35	255	255	0	0	200	0	105	0	0	1
LOG(5043): activated: []
LOG(5045): message: 0	35	255	23	35	255	127	0	0	0	1	0	200	0	105	91	0	1
LOG(5256): message: 0	35	255	20	35	255	127	0	0	0	1	0	200	0	105	92	0	1
LOG(5406): activated: [5, 7]
LOG(5408): message: 0	35	255	23	35	255	127	126	255	255	1	0	200	0	105	0	0	1
LOG(5534): message: 0	35	255	26	35	255	127	126	255	255	1	0	200	0	105	0	0	1
LOG(5608): activated: [5, 6, 7]
LOG(5643): message: 0	35	255	28	35	255	127	126	255	255	1	0	200	0	105	0	0	1
LOG(5691): activated: [6]
LOG(5722): activated: [6, 7]
LOG(5723): message: 0	35	255	28	35	255	127	18	255	255	1	0	200	0	105	0	0	1
LOG(5743): message: 0	35	255	31	35	255	127	18	255	255	1	0	200	0	105	0	0	1
LOG(5839): activated: [6, 7, 14]
LOG(5841): message: 0	35	255	31	35	255	127	54	255	255	1	0	200	0	105	0	0	1
LOG(5872): message: 0	35	255	33	35	255	127	54	255	255	1	0	200	0	105	0	0	1
LOG(5910): activated: [7, 14]
LOG(5919): message: 0	35	255	33	35	255	127	81	255	255	1	0	200	0	105	0	0	1
LOG(5928): activated: [5, 6, 7, 14]
LOG(5929): message: 0	35	255	33	35	255	127	95	255	255	1	0	200	0	105	0	0	1
LOG(5977): message: 0	35	255	36	35	255	127	95	255	255	1	0	200	0	105	0	0	1
LOG(6078): message: 0	35	255	38	35	255	127	95	255	255	1	0	200	0	105	0	0	1
LOG(6196): message: 0	35	255	41	35	255	127	95	255	255	1	0	200	0	105	0	0	1
LOG(6243): activated: [5, 7, 14]
LOG(6244): message: 0	35	255	41	35	255	127	126	255	255	1	0	200	0	105	0	0	1
LOG(6309): message: 0	35	255	43	35	255	127	126	255	255	1	0	200	0	105	0	0	1
LOG(6343): activated: [5]
LOG(6349): message: 0	35	255	43	35	255	127	218	255	255	1	0	200	0	105	0	0	1
LOG(6480): activated: [5, 8]
LOG(6482): message: 0	35	255	46	35	255	127	203	255	255	1	0	200	0	105	0	0	1
LOG(6545): activated: [8]
LOG(6546): message: 0	35	255	46	35	255	127	188	255	255	1	0	200	0	105	0	0	1
LOG(6597): message: 0	35	255	48	35	255	127	188	255	255	1	0	200	0	105	0	0	1
LOG(6677): activated: [4, 8]
LOG(6679): message: 0	35	255	48	35	255	127	198	255	255	1	0	200	0	105	0	0	1
LOG(6713): message: 0	35	255	51	35	255	127	198	255	255	1	0	200	0	105	0	0	0
LOG(6760): activated: [4]
LOG(6761): message: 0	35	255	51	35	255	127	208	255	255	1	0	200	0	105	0	0	0
LOG(6799): activated: [4, 8]
LOG(6801): message: 0	35	255	51	35	255	127	198	255	255	1	0	200	0	105	0	0	0
LOG(6828): message: 0	35	255	54	35	255	127	198	255	255	1	0	200	0	105	0	0	0
LOG(6948): message: 0	35	255	56	35	255	127	198	255	255	1	0	200	0	105	0	0	0
LOG(6996): activated: [4, 8, 13]
LOG(6998): message: 0	35	255	56	35	255	127	186	255	255	1	0	200	0	105	0	0	0
LOG(7062): message: 0	35	255	59	35	255	127	186	255	255	1	0	200	0	105	0	0	0
LOG(7079): activated: [8, 13]
LOG(7081): message: 0	35	255	59	35	255	127	174	255	255	1	0	200	0	105	0	0	0
LOG(7112): activated: [5, 8, 13]
LOG(7113): message: 0	35	255	59	35	255	127	189	255	255	1	0	200	0	105	0	0	0
LOG(7163): message: 0	35	255	61	35	255	127	189	255	255	1	0	200	0	105	0	0	0
LOG(7177): activated: [5, 13]
LOG(7178): message: 0	35	255	61	35	255	127	189	255	255	1	0	200	0	105	0	0	0
LOG(7211): activated: [5, 13, 14]
LOG(7212): message: 0	35	255	61	35	255	127	168	255	255	1	0	200	0	105	0	0	0
LOG(7280): message: 0	35	255	64	35	255	127	168	255	255	1	0	200	0	105	0	0	0
LOG(7395): activated: [5, 14]
LOG(7398): message: 0	35	255	66	35	255	127	172	255	255	1	0	200	0	105	0	0	0
LOG(7429): activated: [5, 10, 14]
LOG(7431): message: 0	35	255	66	35	255	127	136	255	255	1	0	200	0	105	0	0	0
LOG(7514): activated: [5, 10]
LOG(7524): message: 0	35	255	69	35	255	127	142	255	255	1	0	200	0	105	0	0	0
LOG(7530): activated: [2, 5, 7, 10]
LOG(7532): message: 0	35	255	69	35	255	127	80	255	255	1	0	200	0	105	0	0	0
LOG(7621): activated: [2, 7, 10]
LOG(7631): message: 0	35	255	71	35	255	127	34	255	255	1	0	200	0	105	0	0	0
LOG(7644): activated: [2, 5, 6, 7, 10]
LOG(7678): message: 0	35	255	71	35	255	127	64	255	255	1	0	200	0	105	0	0	0
LOG(7717): activated: [2, 5, 6, 7]
LOG(7719): message: 0	35	255	71	35	255	127	63	255	255	1	0	200	0	105	0	0	0
LOG(7735): message: 0	35	255	74	35	255	127	63	255	255	1	0	200	0	105	0	0	0
LOG(7803): activated: [2, 5, 6]
LOG(7805): message: 0	35	255	74	35	255	127	73	255	255	1	0	200	0	105	0	0	0
LOG(7849): message: 0	35	255	77	35	255	127	73	255	255	1	0	200	0	105	0	0	0
LOG(7866): activated: [2, 3, 5, 6, 7]
LOG(7869): message: 0	35	255	77	35	255	127	55	255	255	1	0	200	0	105	0	0	0
LOG(7932): activated: [3, 5, 6, 7]
LOG(7935): message: 0	35	255	77	35	255	127	68	255	255	1	0	200	0	105	0	0	0
LOG(7951): message: 0	35	255	79	35	255	127	68	255	255	1	0	200	0	105	0	0	0
LOG(8049): activated: [3, 6, 7]
LOG(8050): message: 0	35	255	79	35	255	127	18	255	255	1	0	200	0	105	0	0	0
LOG(8066): activated: [3, 6, 7, 10]
LOG(8067): message: 0	35	255	82	35	255	127	30	255	255	1	0	200	0	105	0	0	0
LOG(8149): activated: [6, 7, 10]
LOG(8159): message: 0	35	255	82	35	255	127	34	255	255	1	0	200	0	105	0	0	0
LOG(8176): activated: [6, 7, 10, 15]
LOG(8185): message: 0	35	255	84	35	255	127	49	255	255	1	0	200	0	105	0	0	0
LOG(8255): activated: [7, 10, 15]
LOG(8257): message: 0	35	255	84	35	255	127	65	255	255	1	0	200	0	105	0	0	0
LOG(8290): message: 0	35	255	87	35	255	127	65	255	255	1	0	200	0	105	0	0	0
LOG(8358): activated: [7, 15]
LOG(8361): message: 0	35	255	87	35	255	127	64	255	255	1	0	200	0	105	0	0	0
LOG(8393): message: 0	35	255	89	35	255	127	64	255	255	1	0	200	0	105	0	0	0
LOG(8512): activated: [7, 13, 15]
LOG(8519): message: 0	35	255	92	35	255	127	96	255	255	1	0	200	0	105	0	0	0
LOG(8627): message: 0	35	255	94	35	255	127	96	255	255	1	0	200	0	105	0	0	0
LOG(8692): activated: [13, 15]
LOG(8693): message: 0	35	255	94	35	255	127	127	255	255	1	0	200	0	105	0	0	0
LOG(8725): activated: [13, 14, 15]
LOG(8727): message: 0	35	255	94	35	255	127	126	255	255	1	0	200	0	105	0	0	0
LOG(8742): message: 0	35	255	97	35	255	127	126	255	255	1	0	200	0	105	0	0	0
LOG(8859): message: 0	35	255	99	35	255	127	126	255	255	1	0	200	0	105	0	0	0
LOG(8911): activated: [13, 14]
LOG(8913): message: 0	35	255	99	35	255	127	143	255	255	1	0	200	0	105	0	0	0
LOG(8941): activated: [5, 13, 14]
LOG(8942): message: 0	35	255	99	35	255	127	168	255	255	1	0	200	0	105	0	0	0
LOG(8960): message: 0	35	255	102	35	255	127	168	255	255	1	0	200	0	105	0	0	0
LOG(9075): message: 0	35	255	105	35	255	127	168	255	255	1	0	200	0	105	0	0	0
LOG(9126): activated: [5]
LOG(9130): message: 0	35	255	105	35	255	127	218	255	255	1	0	200	0	105	0	0	0
LOG(9195): message: 0	35	255	107	35	255	127	218	255	255	1	0	200	0	105	0	0	0
LOG(9258): activated: [5, 8]
LOG(9260): message: 0	35	255	107	35	255	127	203	255	255	1	0	200	0	105	0	0	0
LOG(9311): message: 0	35	255	110	35	255	127	203	255	255	1	0	200	0	105	0	0	0
LOG(9325): activated: [8]
LOG(9329): message: 0	35	255	110	35	255	127	188	255	255	1	0	200	0	105	0	0	0
LOG(9359): activated: [7, 8]
LOG(9360): message: 0	35	255	110	35	255	127	112	255	255	1	0	200	0	105	0	0	0
LOG(9426): message: 0	35	255	112	35	255	127	112	255	255	1	0	200	0	105	0	0	0
LOG(9542): activated: [7]
LOG(9544): message: 0	112	255	115	35	255	127	35	255	255	1	0	200	0	105	0	0	0
LOG(9575): activated: [7, 14]
LOG(9577): message: 0	35	255	115	35	255	127	81	255	255	1	0	200	0	105	0	0	0
LOG(9641): activated: [14]
LOG(9642): message: 0	81	255	115	35	255	127	126	255	255	1	0	200	0	105	0	0	0
LOG(9659): message: 0	126	255	117	35	255	127	126	255	255	1	0	200	0	105	0	0	0
LOG(9682): activated: [13, 14]
LOG(9687): message: 0	126	255	117	35	255	127	143	255	255	1	0	200	0	105	0	0	0
LOG(9781): message: 0	143	255	120	35	255	127	143	255	255	1	0	200	0	105	0	0	0
LOG(9791): activated: [6, 13, 14, 15]
LOG(9792): message: 0	143	255	120	35	255	127	95	255	255	1	0	200	0	105	0	0	0
LOG(9891): activated: [6, 7, 13, 14, 15]
LOG(9893): message: 0	95	255	122	35	255	127	83	255	255	1	0	200	0	105	0	0	0
LOG(9974): activated: [6, 7, 14, 15]
LOG(9978): message: 0	83	255	122	35	255	127	64	255	255	1	0	200	0	105	0	0	0
LOG(9997): message: 0	64	255	125	35	255	127	64	255	255	1	0	200	0	105	0	0	0
LOG(10074): activated: [7, 14]
LOG(10109): message: 0	64	255	127	35	255	127	64	255	255	1	0	200	0	105	0	0	0
LOG(10179): activated: [7]
LOG(10184): message: 0	64	255	127	35	255	127	35	255	255	1	0	200	0	105	0	0	0
LOG(10191): activated: [5, 7]
LOG(10193): message: 0	35	255	127	35	255	127	126	255	255	1	0	200	0	105	0	0	0
LOG(10227): message: 0	126	255	130	35	255	127	126	255	255	1	0	200	0	105	0	0	0
LOG(10291): activated: [5]
LOG(10299): message: 0	126	255	130	35	255	127	218	255	255	1	0	200	0	105	0	0	0
LOG(10342): message: 0	218	255	133	35	255	127	218	255	255	1	0	200	0	105	0	0	0
LOG(10459): message: 0	218	255	135	35	255	127	218	255	255	1	0	200	0	105	0	0	0
LOG(10496): activated: []
LOG(10497): message: 0	218	255	135	218	255	127	0	0	0	0	0	200	0	105	47	0	0
LOG(10509): activated: [2, 4]
LOG(10514): message: 0	218	255	135	218	255	127	104	255	255	0	0	200	0	105	0	0	0
LOG(10560): message: 0	218	255	138	218	255	127	104	255	255	0	0	200	0	105	0	0	0
LOG(10628): activated: [2, 4, 5]
LOG(10630): message: 0	218	255	138	218	255	127	142	255	255	0	0	200	0	105	0	0	0
LOG(10678): message: 0	218	255	140	218	255	127	142	255	255	0	0	200	0	105	0	0	0
LOG(10743): activated: [2, 4, 5, 7]
LOG(10745): message: 0	218	255	140	218	255	127	115	255	255	0	0	200	0	105	0	0	0
LOG(10795): message: 0	218	255	143	218	255	127	115	255	255	0	0	200	0	105	0	0	0
LOG(10808): activated: [5, 7]
LOG(10809): message: 0	218	255	143	218	255	127	126	255	255	0	0	200	0	105	0	0	0
LOG(10853): activated: [5, 6, 7]
LOG(10905): message: 0	218	255	145	218	255	127	126	255	255	0	0	200	0	105	0	0	0
LOG(11023): message: 0	218	255	148	218	255	127	126	255	255	0	0	200	0	105	0	0	0
LOG(11036): activated: [6]
LOG(11136): activated: []
LOG(11137): message: 0	126	255	148	126	255	127	0	0	0	0	0	200	0	105	42	0	0
LOG(11241): message: 0	126	255	145	126	255	127	0	0	0	0	0	200	0	105	43	0	0
LOG(11454): message: 0	126	255	143	126	255	127	0	0	0	0	0	200	0	105	44	0	0
